5
24
2
65
28
52
25
30
82
13
65
51
53
66
22
64
74
51
67
44
25
97
71
34
10
47
49
93
66
95
61
42
2
91
25
69
73
72
6
8
98
8
16
94
91
50
70
97
92
2
10
94
29
37
50
83
88
46
82
8
64
76
77
3
31
7
38
96
56
70
18
82
100
36
84
92
52
19
10
17
86
2
66
85
50
95
89
2
20
76
24
55
68
32
67
27
93
11
39
1
42
47
84
12
77
72
93
83
81
55
85
1
24
61
26
13
26
36
68
61
25
9
54
60
27
95
9
40
31
2
84
29
83
60
53
77
84
33
16
15
56
77
52
26
41
30
54
48
35
86
97
78
2
95
66
20
8
22
63
72
28
6
57
20
60
12
7
40
19
84
40
37
38
90
37
18
19
6
72
98
60
26
19
62
28
35
80
35
13
90
69
70
19
17
69
73
4
92
35
91
38
83
39
54
54
72
11
46
98
79
92
63
68
8
85
91
31
12
88
45
67
69
1
77
8
79
14
83
94
17
17
48
48
88
25
27
13
4
47
98
62
20
39
49
37
53
18
26
54
89
62
98
23
41
73
87
71
55
29
89
47
22
58
3
31
67
44
19
71
9
84
99
83
67
67
92
38
99
36
56
82
45
8
52
46
10
34
8
90
31
17
72
76
67
31
61
16
78
12
9
16
93
29
54
84
63
59
70
25
82
89
58
38
0
37
46
2
14
94
61
43
61
62
59
30
3
0
51
85
41
58
46
8
23
39
24
47
72
77
83
54
11
79
88
46
99
54
64
40
36
38
79
66
99
8
8
59
46
17
7
87
85
48
82
13
59
37
63
16
43
46
94
72
65
50
9
79
49
66
99
4
36
86
94
55
67
77
5
49
90
100
46
55
60
80
83
9
43
34
54
9
81
14
83
29
96
37
28
86
62
40
56
36
37
8
74
49
61
2
44
26
36
88
82
41
46
25
64
30
70
70
43
25
76
49
2
82
31
65
5
39
42
83
50
86
14
5
59
95
90
6
36
84
35
75
8
2
34
47
57
18
99
76
5
62
95
67
34
58
62
36
81
25
4
59
2
0
45
68
9
70
93
99
90
31
93
89
55
86
2
18
25
1
32
30
37
87
71
78
82
94
68
70
74
16
55
78
4
27
95
79
44
81
55
5
9
70
45
9
66
91
68
30
82
96
10
42
83
98
23
62
71
42
16
65
94
55
57
47
82
96
63
76
10
69
33
5
29
62
46
77
25
3
26
63
52
17
34
46
53
1
4
13
18
33
62
73
52
28
94
59
20
43
1
81
65
90
47
45
70
54
62
94
8
72
2
79
69
97
40
4
19
35
43
4
67
20
44
70
70
10
89
17
68
88
55
25
85
84
48
100
28
97
23
91
10
45
31
42
61
32
71
15
87
19
91
4
34
39
29
36
38
66
82
85
21
82
43
50
62
68
84
57
96
50
33
56
67
1
70
98
89
38
31
97
87
90
80
14
15
84
16
32
42
22
71
50
25
7
61
26
57
29
12
35
31
53
40
83
48
66
82
14
48
52
0
6
12
44
73
2
8
72
78
20
9
67
72
43
62
90
67
82
39
3
45
53
78
45
74
25
87
78
49
79
95
52
40
13
98
51
42
13
25
47
2
78
92
49
75
70
15
79
70
91
51
92
30
83
21
54
2
2
39
95
91
53
89
100
87
91
92
100
43
44
57
84
49
55
29
76
21
32
55
61
50
65
63
24
72
81
62
33
91
76
86
2
43
59
38
74
0
37
26
76
56
4
54
16
22
69
78
5
82
57
36
29
81
38
10
62
62
61
1
98
44
78
27
62
77
56
96
53
75
92
49
55
17
96
3
82
98
97
41
40
17
58
16
50
72
20
28
53
74
91
1
80
60
41
17
3
81
71
76
18
99
55
60
8
54
49
18
81
71
36
40
50
100
36
19
31
96
87
68
18
96
21
33
78
22
86
66
15
11
99
7
52
48
64
31
40
71
20
47
50
87
14
99
91
99
34
48
39
54
92
5
25
41
15
18
0
71
41
75
83
12
82
99
42
89
25
41
60
85
65
8
94
61
51
39
95
88
9
16
65
1
84
41
68
93
65
72
97
94
84
44
60
94
66
0
27
87
32
25
56
31
11
77
88
13
36
45
14
73
25
64
32
48
27
51
23
12
82
7
77
80
48
37
18
91
28
58
73
54
85
65
44
92
48
88
45
95
70
83
43
90
94
45
82
73
44
95
86
37
77
92
70
65
58
0
